 144 144   0   0
  0.1362479E+02  0.1088606E-08  0.1655673E-08  0.1088547E-08  0.5000000E-15
  1.000000000000000E-004
  CAR 
 Bi2WO6Fe                                
     19.67276491    -36.52444946  301      5.29564424      1.00000000
    -36.524  0.0000E+00  0.0000E+00  0.0000E+00  0.0000E+00
    -36.337  0.0000E+00  0.0000E+00  0.0000E+00  0.0000E+00
    -36.150  0.0000E+00  0.0000E+00  0.0000E+00  0.0000E+00
    -35.962  0.0000E+00  0.0000E+00  0.0000E+00  0.0000E+00
    -35.775  0.0000E+00  0.0000E+00  0.0000E+00  0.0000E+00
    -35.588  0.0000E+00  0.0000E+00  0.0000E+00  0.0000E+00
    -35.401  0.0000E+00  0.0000E+00  0.0000E+00  0.0000E+00
    -35.213  0.0000E+00  0.0000E+00  0.0000E+00  0.0000E+00
    -35.026  0.0000E+00  0.0000E+00  0.0000E+00  0.0000E+00
    -34.839  0.0000E+00  0.0000E+00  0.0000E+00  0.0000E+00
    -34.651  0.0000E+00  0.0000E+00  0.0000E+00  0.0000E+00
    -34.464  0.0000E+00  0.0000E+00  0.0000E+00  0.0000E+00
    -34.277  0.0000E+00  0.0000E+00  0.0000E+00  0.0000E+00
    -34.089  0.2598E-04  0.1659E-04  0.4867E-05  0.3108E-05
    -33.902  0.7545E+00  0.7453E+00  0.1413E+00  0.1396E+00
    -33.715  0.2216E+01  0.2217E+01  0.5564E+00  0.5549E+00
    -33.527  0.2326E+00  0.2405E+00  0.6000E+00  0.6000E+00
    -33.340  0.3395E-07  0.3376E-07  0.6000E+00  0.6000E+00
    -33.153  0.0000E+00  0.0000E+00  0.6000E+00  0.6000E+00
    -32.965  0.0000E+00  0.0000E+00  0.6000E+00  0.6000E+00
    -32.778  0.0000E+00  0.0000E+00  0.6000E+00  0.6000E+00
    -32.591  0.0000E+00  0.0000E+00  0.6000E+00  0.6000E+00
    -32.403  0.0000E+00  0.0000E+00  0.6000E+00  0.6000E+00
    -32.216  0.0000E+00  0.0000E+00  0.6000E+00  0.6000E+00
    -32.029  0.0000E+00  0.0000E+00  0.6000E+00  0.6000E+00
    -31.841  0.0000E+00  0.0000E+00  0.6000E+00  0.6000E+00
    -31.654  0.0000E+00  0.0000E+00  0.6000E+00  0.6000E+00
    -31.467  0.0000E+00  0.0000E+00  0.6000E+00  0.6000E+00
    -31.279  0.0000E+00  0.0000E+00  0.6000E+00  0.6000E+00
    -31.092  0.0000E+00  0.0000E+00  0.6000E+00  0.6000E+00
    -30.905  0.0000E+00  0.0000E+00  0.6000E+00  0.6000E+00
    -30.717  0.0000E+00  0.0000E+00  0.6000E+00  0.6000E+00
    -30.530  0.0000E+00  0.0000E+00  0.6000E+00  0.6000E+00
    -30.343  0.0000E+00  0.0000E+00  0.6000E+00  0.6000E+00
    -30.155  0.0000E+00  0.0000E+00  0.6000E+00  0.6000E+00
    -29.968  0.0000E+00  0.0000E+00  0.6000E+00  0.6000E+00
    -29.781  0.0000E+00  0.0000E+00  0.6000E+00  0.6000E+00
    -29.593  0.0000E+00  0.0000E+00  0.6000E+00  0.6000E+00
    -29.406  0.0000E+00  0.0000E+00  0.6000E+00  0.6000E+00
    -29.219  0.0000E+00  0.0000E+00  0.6000E+00  0.6000E+00
    -29.031  0.0000E+00  0.0000E+00  0.6000E+00  0.6000E+00
    -28.844  0.0000E+00  0.0000E+00  0.6000E+00  0.6000E+00
    -28.657  0.0000E+00  0.0000E+00  0.6000E+00  0.6000E+00
    -28.470  0.0000E+00  0.0000E+00  0.6000E+00  0.6000E+00
    -28.282  0.0000E+00  0.0000E+00  0.6000E+00  0.6000E+00
    -28.095  0.0000E+00  0.0000E+00  0.6000E+00  0.6000E+00
    -27.908  0.0000E+00  0.0000E+00  0.6000E+00  0.6000E+00
    -27.720  0.0000E+00  0.0000E+00  0.6000E+00  0.6000E+00
    -27.533  0.0000E+00  0.0000E+00  0.6000E+00  0.6000E+00
    -27.346  0.0000E+00  0.0000E+00  0.6000E+00  0.6000E+00
    -27.158  0.0000E+00  0.0000E+00  0.6000E+00  0.6000E+00
    -26.971  0.0000E+00  0.0000E+00  0.6000E+00  0.6000E+00
    -26.784  0.0000E+00  0.0000E+00  0.6000E+00  0.6000E+00
    -26.596  0.0000E+00  0.0000E+00  0.6000E+00  0.6000E+00
    -26.409  0.0000E+00  0.0000E+00  0.6000E+00  0.6000E+00
    -26.222  0.0000E+00  0.0000E+00  0.6000E+00  0.6000E+00
    -26.034  0.0000E+00  0.0000E+00  0.6000E+00  0.6000E+00
    -25.847  0.0000E+00  0.0000E+00  0.6000E+00  0.6000E+00
    -25.660  0.0000E+00  0.0000E+00  0.6000E+00  0.6000E+00
    -25.472  0.0000E+00  0.0000E+00  0.6000E+00  0.6000E+00
    -25.285  0.0000E+00  0.0000E+00  0.6000E+00  0.6000E+00
    -25.098  0.0000E+00  0.0000E+00  0.6000E+00  0.6000E+00
    -24.910  0.0000E+00  0.0000E+00  0.6000E+00  0.6000E+00
    -24.723  0.0000E+00  0.0000E+00  0.6000E+00  0.6000E+00
    -24.536  0.0000E+00  0.0000E+00  0.6000E+00  0.6000E+00
    -24.348  0.0000E+00  0.0000E+00  0.6000E+00  0.6000E+00
    -24.161  0.0000E+00  0.0000E+00  0.6000E+00  0.6000E+00
    -23.974  0.0000E+00  0.0000E+00  0.6000E+00  0.6000E+00
    -23.786  0.0000E+00  0.0000E+00  0.6000E+00  0.6000E+00
    -23.599  0.0000E+00  0.0000E+00  0.6000E+00  0.6000E+00
    -23.412  0.0000E+00  0.0000E+00  0.6000E+00  0.6000E+00
    -23.224  0.0000E+00  0.0000E+00  0.6000E+00  0.6000E+00
    -23.037  0.0000E+00  0.0000E+00  0.6000E+00  0.6000E+00
    -22.850  0.0000E+00  0.0000E+00  0.6000E+00  0.6000E+00
    -22.662  0.0000E+00  0.0000E+00  0.6000E+00  0.6000E+00
    -22.475  0.0000E+00  0.0000E+00  0.6000E+00  0.6000E+00
    -22.288  0.0000E+00  0.0000E+00  0.6000E+00  0.6000E+00
    -22.100  0.0000E+00  0.0000E+00  0.6000E+00  0.6000E+00
    -21.913  0.0000E+00  0.0000E+00  0.6000E+00  0.6000E+00
    -21.726  0.0000E+00  0.0000E+00  0.6000E+00  0.6000E+00
    -21.539  0.0000E+00  0.0000E+00  0.6000E+00  0.6000E+00
    -21.351  0.0000E+00  0.0000E+00  0.6000E+00  0.6000E+00
    -21.164  0.0000E+00  0.0000E+00  0.6000E+00  0.6000E+00
    -20.977  0.0000E+00  0.0000E+00  0.6000E+00  0.6000E+00
    -20.789  0.0000E+00  0.0000E+00  0.6000E+00  0.6000E+00
    -20.602  0.0000E+00  0.0000E+00  0.6000E+00  0.6000E+00
    -20.415  0.0000E+00  0.0000E+00  0.6000E+00  0.6000E+00
    -20.227  0.0000E+00  0.0000E+00  0.6000E+00  0.6000E+00
    -20.040  0.0000E+00  0.0000E+00  0.6000E+00  0.6000E+00
    -19.853  0.0000E+00  0.0000E+00  0.6000E+00  0.6000E+00
    -19.665  0.0000E+00  0.0000E+00  0.6000E+00  0.6000E+00
    -19.478  0.0000E+00  0.0000E+00  0.6000E+00  0.6000E+00
    -19.291  0.0000E+00  0.0000E+00  0.6000E+00  0.6000E+00
    -19.103  0.0000E+00  0.0000E+00  0.6000E+00  0.6000E+00
    -18.916  0.0000E+00  0.0000E+00  0.6000E+00  0.6000E+00
    -18.729  0.0000E+00  0.0000E+00  0.6000E+00  0.6000E+00
    -18.541  0.0000E+00  0.0000E+00  0.6000E+00  0.6000E+00
    -18.354  0.0000E+00  0.0000E+00  0.6000E+00  0.6000E+00
    -18.167  0.0000E+00  0.0000E+00  0.6000E+00  0.6000E+00
    -17.979  0.0000E+00  0.0000E+00  0.6000E+00  0.6000E+00
    -17.792  0.0000E+00  0.0000E+00  0.6000E+00  0.6000E+00
    -17.605  0.0000E+00  0.0000E+00  0.6000E+00  0.6000E+00
    -17.417  0.0000E+00  0.0000E+00  0.6000E+00  0.6000E+00
    -17.230  0.0000E+00  0.0000E+00  0.6000E+00  0.6000E+00
    -17.043  0.1026E-14  0.1008E-14  0.6000E+00  0.6000E+00
    -16.855  0.1737E-02  0.1717E-02  0.6003E+00  0.6003E+00
    -16.668  0.1213E+01  0.1200E+01  0.8276E+00  0.8251E+00
    -16.481  0.3641E+01  0.3634E+01  0.1510E+01  0.1506E+01
    -16.293  0.5396E+01  0.5412E+01  0.2520E+01  0.2520E+01
    -16.106  0.9109E-01  0.9525E-01  0.2537E+01  0.2537E+01
    -15.919  0.1723E-08  0.2213E-08  0.2538E+01  0.2538E+01
    -15.731  0.0000E+00  0.0000E+00  0.2538E+01  0.2538E+01
    -15.544  0.0000E+00  0.0000E+00  0.2538E+01  0.2538E+01
    -15.357  0.0000E+00  0.0000E+00  0.2538E+01  0.2538E+01
    -15.170  0.0000E+00  0.0000E+00  0.2538E+01  0.2538E+01
    -14.982  0.0000E+00  0.0000E+00  0.2538E+01  0.2538E+01
    -14.795  0.0000E+00  0.0000E+00  0.2538E+01  0.2538E+01
    -14.608  0.0000E+00  0.0000E+00  0.2538E+01  0.2538E+01
    -14.420  0.0000E+00  0.0000E+00  0.2538E+01  0.2538E+01
    -14.233  0.0000E+00  0.0000E+00  0.2538E+01  0.2538E+01
    -14.046  0.0000E+00  0.0000E+00  0.2538E+01  0.2538E+01
    -13.858  0.2315E-17  0.4630E-18  0.2538E+01  0.2538E+01
    -13.671  0.2258E-04  0.1306E-04  0.2538E+01  0.2538E+01
    -13.484  0.2119E-01  0.1885E-01  0.2541E+01  0.2541E+01
    -13.296  0.9241E-01  0.8792E-01  0.2559E+01  0.2558E+01
    -13.109  0.1856E+00  0.1858E+00  0.2594E+01  0.2592E+01
    -12.922  0.2061E+00  0.1999E+00  0.2632E+01  0.2630E+01
    -12.734  0.5094E+00  0.5079E+00  0.2728E+01  0.2725E+01
    -12.547  0.1075E+00  0.1056E+00  0.2748E+01  0.2745E+01
    -12.360  0.6056E+00  0.5978E+00  0.2861E+01  0.2857E+01
    -12.172  0.3513E+00  0.3586E+00  0.2927E+01  0.2924E+01
    -11.985  0.5722E+00  0.5345E+00  0.3034E+01  0.3024E+01
    -11.798  0.7011E+00  0.7078E+00  0.3165E+01  0.3157E+01
    -11.610  0.8371E+00  0.8414E+00  0.3322E+01  0.3314E+01
    -11.423  0.4212E+00  0.4268E+00  0.3401E+01  0.3394E+01
    -11.236  0.3428E+00  0.3390E+00  0.3465E+01  0.3458E+01
    -11.048  0.4833E+00  0.4654E+00  0.3556E+01  0.3545E+01
    -10.861  0.7229E+00  0.7560E+00  0.3691E+01  0.3686E+01
    -10.674  0.2017E+00  0.2122E+00  0.3729E+01  0.3726E+01
    -10.486  0.4458E-01  0.6030E-01  0.3737E+01  0.3737E+01
    -10.299  0.5964E-05  0.1800E-03  0.3737E+01  0.3737E+01
    -10.112  0.0000E+00  0.0000E+00  0.3737E+01  0.3737E+01
     -9.924  0.0000E+00  0.0000E+00  0.3737E+01  0.3737E+01
     -9.737  0.0000E+00  0.0000E+00  0.3737E+01  0.3737E+01
     -9.550  0.0000E+00  0.0000E+00  0.3737E+01  0.3737E+01
     -9.362  0.0000E+00  0.0000E+00  0.3737E+01  0.3737E+01
     -9.175  0.0000E+00  0.0000E+00  0.3737E+01  0.3737E+01
     -8.988  0.0000E+00  0.0000E+00  0.3737E+01  0.3737E+01
     -8.800  0.0000E+00  0.0000E+00  0.3737E+01  0.3737E+01
     -8.613  0.0000E+00  0.0000E+00  0.3737E+01  0.3737E+01
     -8.426  0.0000E+00  0.0000E+00  0.3737E+01  0.3737E+01
     -8.239  0.0000E+00  0.0000E+00  0.3737E+01  0.3737E+01
     -8.051  0.0000E+00  0.0000E+00  0.3737E+01  0.3737E+01
     -7.864  0.0000E+00  0.0000E+00  0.3737E+01  0.3737E+01
     -7.677  0.0000E+00  0.0000E+00  0.3737E+01  0.3737E+01
     -7.489  0.0000E+00  0.0000E+00  0.3737E+01  0.3737E+01
     -7.302  0.0000E+00  0.0000E+00  0.3737E+01  0.3737E+01
     -7.115  0.0000E+00  0.0000E+00  0.3737E+01  0.3737E+01
     -6.927  0.0000E+00  0.0000E+00  0.3737E+01  0.3737E+01
     -6.740  0.0000E+00  0.0000E+00  0.3737E+01  0.3737E+01
     -6.553  0.0000E+00  0.0000E+00  0.3737E+01  0.3737E+01
     -6.365  0.0000E+00  0.0000E+00  0.3737E+01  0.3737E+01
     -6.178  0.0000E+00  0.0000E+00  0.3737E+01  0.3737E+01
     -5.991  0.0000E+00  0.0000E+00  0.3737E+01  0.3737E+01
     -5.803  0.0000E+00  0.0000E+00  0.3737E+01  0.3737E+01
     -5.616  0.0000E+00  0.0000E+00  0.3737E+01  0.3737E+01
     -5.429  0.0000E+00  0.0000E+00  0.3737E+01  0.3737E+01
     -5.241  0.0000E+00  0.0000E+00  0.3737E+01  0.3737E+01
     -5.054  0.1556E-11  0.1465E-11  0.3738E+01  0.3738E+01
     -4.867  0.3838E-02  0.3650E-02  0.3738E+01  0.3738E+01
     -4.679  0.2244E+00  0.2102E+00  0.3780E+01  0.3778E+01
     -4.492  0.4108E+00  0.4123E+00  0.3857E+01  0.3855E+01
     -4.305  0.3370E+00  0.3307E+00  0.3920E+01  0.3917E+01
     -4.117  0.2744E+00  0.2915E+00  0.3972E+01  0.3971E+01
     -3.930  0.8560E-01  0.7970E-01  0.3988E+01  0.3986E+01
     -3.743  0.6334E-01  0.6500E-01  0.4000E+01  0.3998E+01
     -3.555  0.3071E-01  0.2557E-01  0.4005E+01  0.4003E+01
     -3.368  0.2187E+00  0.2219E+00  0.4046E+01  0.4045E+01
     -3.181  0.1271E+00  0.1216E+00  0.4070E+01  0.4068E+01
     -2.993  0.9134E-02  0.2278E-01  0.4072E+01  0.4072E+01
     -2.806  0.1850E-01  0.1215E-01  0.4075E+01  0.4074E+01
     -2.619  0.1291E+00  0.1300E+00  0.4100E+01  0.4098E+01
     -2.431  0.5534E-01  0.5426E-01  0.4110E+01  0.4109E+01
     -2.244  0.5887E-01  0.6335E-01  0.4121E+01  0.4121E+01
     -2.057  0.1566E-01  0.1686E-01  0.4124E+01  0.4124E+01
     -1.870  0.6115E-02  0.7003E-02  0.4125E+01  0.4125E+01
     -1.682  0.1990E-01  0.1499E-01  0.4129E+01  0.4128E+01
     -1.495  0.3397E+00  0.2234E+00  0.4192E+01  0.4170E+01
     -1.308  0.8562E-01  0.4599E-01  0.4208E+01  0.4178E+01
     -1.120  0.4704E+00  0.3224E+00  0.4297E+01  0.4239E+01
     -0.933  0.2181E+00  0.1937E+00  0.4337E+01  0.4275E+01
     -0.746  0.1115E-02  0.8215E-03  0.4338E+01  0.4275E+01
     -0.558  0.3292E-01  0.3283E-01  0.4344E+01  0.4281E+01
     -0.371  0.2120E+00  0.2380E+00  0.4383E+01  0.4326E+01
     -0.184  0.5746E+00  0.5869E+00  0.4491E+01  0.4436E+01
      0.004  0.7369E+00  0.7412E+00  0.4629E+01  0.4575E+01
      0.191  0.5194E+00  0.5096E+00  0.4726E+01  0.4670E+01
      0.378  0.4882E+00  0.5041E+00  0.4818E+01  0.4765E+01
      0.566  0.5409E+00  0.5337E+00  0.4919E+01  0.4864E+01
      0.753  0.5213E+00  0.4971E+00  0.5017E+01  0.4958E+01
      0.940  0.4813E+00  0.4976E+00  0.5107E+01  0.5051E+01
      1.128  0.5703E+00  0.5808E+00  0.5214E+01  0.5160E+01
      1.315  0.6652E+00  0.6637E+00  0.5338E+01  0.5284E+01
      1.502  0.4940E+00  0.4908E+00  0.5431E+01  0.5376E+01
      1.690  0.5523E+00  0.5405E+00  0.5534E+01  0.5477E+01
      1.877  0.4667E+00  0.4721E+00  0.5622E+01  0.5566E+01
      2.064  0.4880E+00  0.5039E+00  0.5713E+01  0.5660E+01
      2.252  0.7264E+00  0.7344E+00  0.5849E+01  0.5798E+01
      2.439  0.6552E+00  0.6519E+00  0.5972E+01  0.5920E+01
      2.626  0.5756E+00  0.5809E+00  0.6080E+01  0.6028E+01
      2.814  0.5777E+00  0.5767E+00  0.6188E+01  0.6137E+01
      3.001  0.5016E+00  0.5142E+00  0.6282E+01  0.6233E+01
      3.188  0.7720E+00  0.7750E+00  0.6427E+01  0.6378E+01
      3.376  0.7958E+00  0.7929E+00  0.6576E+01  0.6527E+01
      3.563  0.8269E+00  0.8469E+00  0.6731E+01  0.6685E+01
      3.750  0.8155E+00  0.8155E+00  0.6883E+01  0.6838E+01
      3.938  0.9276E+00  0.9122E+00  0.7057E+01  0.7009E+01
      4.125  0.8238E+00  0.8302E+00  0.7211E+01  0.7164E+01
      4.312  0.7477E+00  0.7404E+00  0.7352E+01  0.7303E+01
      4.500  0.5315E+00  0.5265E+00  0.7451E+01  0.7402E+01
      4.687  0.7471E+00  0.7241E+00  0.7591E+01  0.7537E+01
      4.874  0.6011E+00  0.5957E+00  0.7704E+01  0.7649E+01
      5.061  0.4197E+00  0.3875E+00  0.7782E+01  0.7721E+01
      5.249  0.2786E-01  0.1879E-01  0.7787E+01  0.7725E+01
      5.436  0.5662E-08  0.1608E-08  0.7788E+01  0.7725E+01
      5.623  0.7461E-02  0.5856E-02  0.7789E+01  0.7726E+01
      5.811  0.1032E+01  0.1033E+01  0.7982E+01  0.7920E+01
      5.998  0.2821E-01  0.2864E-01  0.7987E+01  0.7925E+01
      6.185  0.0000E+00  0.0000E+00  0.7987E+01  0.7925E+01
      6.373  0.0000E+00  0.0000E+00  0.7987E+01  0.7925E+01
      6.560  0.0000E+00  0.0000E+00  0.7987E+01  0.7925E+01
      6.747  0.1130E-05  0.1509E-05  0.7988E+01  0.7925E+01
      6.935  0.2542E-01  0.2572E-01  0.7992E+01  0.7930E+01
      7.122  0.2796E-01  0.3330E-01  0.7998E+01  0.7936E+01
      7.309  0.6406E-01  0.2076E+00  0.8010E+01  0.7975E+01
      7.497  0.4938E-01  0.1229E+00  0.8019E+01  0.7998E+01
      7.684  0.8163E-01  0.1248E+00  0.8034E+01  0.8021E+01
      7.871  0.7635E-01  0.1406E+00  0.8048E+01  0.8048E+01
      8.059  0.1187E+00  0.1039E+00  0.8071E+01  0.8067E+01
      8.246  0.5777E+00  0.5551E+00  0.8179E+01  0.8171E+01
      8.433  0.3587E+00  0.3520E+00  0.8246E+01  0.8237E+01
      8.621  0.5133E+00  0.5257E+00  0.8342E+01  0.8336E+01
      8.808  0.3571E+00  0.3680E+00  0.8409E+01  0.8404E+01
      8.995  0.3695E+00  0.3690E+00  0.8478E+01  0.8474E+01
      9.183  0.5413E+00  0.5441E+00  0.8580E+01  0.8576E+01
      9.370  0.2944E+00  0.3043E+00  0.8635E+01  0.8633E+01
      9.557  0.3752E+00  0.3504E+00  0.8705E+01  0.8698E+01
      9.745  0.3689E+00  0.3804E+00  0.8774E+01  0.8769E+01
      9.932  0.3273E+00  0.3301E+00  0.8836E+01  0.8831E+01
     10.119  0.3559E+00  0.3550E+00  0.8902E+01  0.8898E+01
     10.307  0.4507E+00  0.4445E+00  0.8987E+01  0.8981E+01
     10.494  0.2999E+00  0.3122E+00  0.9043E+01  0.9040E+01
     10.681  0.3339E+00  0.3274E+00  0.9105E+01  0.9101E+01
     10.869  0.5562E+00  0.5467E+00  0.9210E+01  0.9203E+01
     11.056  0.3613E+00  0.3758E+00  0.9277E+01  0.9274E+01
     11.243  0.3492E+00  0.3447E+00  0.9343E+01  0.9338E+01
     11.431  0.4660E+00  0.4504E+00  0.9430E+01  0.9423E+01
     11.618  0.5560E+00  0.5499E+00  0.9534E+01  0.9526E+01
     11.805  0.5885E+00  0.5759E+00  0.9644E+01  0.9633E+01
     11.992  0.5096E+00  0.5030E+00  0.9740E+01  0.9728E+01
     12.180  0.3834E+00  0.3947E+00  0.9812E+01  0.9802E+01
     12.367  0.2460E+00  0.2433E+00  0.9858E+01  0.9847E+01
     12.554  0.1341E+00  0.1279E+00  0.9883E+01  0.9871E+01
     12.742  0.2698E-01  0.7763E-01  0.9888E+01  0.9886E+01
     12.929  0.1559E+00  0.1578E+00  0.9917E+01  0.9915E+01
     13.116  0.7869E-01  0.8514E-01  0.9932E+01  0.9931E+01
     13.304  0.6127E-01  0.5952E-01  0.9943E+01  0.9942E+01
     13.491  0.7817E-01  0.8008E-01  0.9958E+01  0.9957E+01
     13.678  0.1705E+00  0.1638E+00  0.9990E+01  0.9988E+01
     13.866  0.1140E+00  0.1217E+00  0.1001E+02  0.1001E+02
     14.053  0.1055E+00  0.9924E-01  0.1003E+02  0.1003E+02
     14.240  0.7719E-01  0.8143E-01  0.1005E+02  0.1004E+02
     14.428  0.1559E+00  0.1473E+00  0.1007E+02  0.1007E+02
     14.615  0.3019E+00  0.3040E+00  0.1013E+02  0.1013E+02
     14.802  0.1836E+00  0.1886E+00  0.1017E+02  0.1016E+02
     14.990  0.1310E+00  0.1192E+00  0.1019E+02  0.1019E+02
     15.177  0.1658E+00  0.1617E+00  0.1022E+02  0.1022E+02
     15.364  0.9423E-01  0.8512E-01  0.1024E+02  0.1023E+02
     15.552  0.2378E+00  0.2281E+00  0.1028E+02  0.1028E+02
     15.739  0.3026E+00  0.3144E+00  0.1034E+02  0.1033E+02
     15.926  0.2665E+00  0.2539E+00  0.1039E+02  0.1038E+02
     16.114  0.2669E+00  0.2544E+00  0.1044E+02  0.1043E+02
     16.301  0.2997E+00  0.3104E+00  0.1050E+02  0.1049E+02
     16.488  0.3780E+00  0.3650E+00  0.1057E+02  0.1056E+02
     16.676  0.3109E+00  0.3244E+00  0.1063E+02  0.1062E+02
     16.863  0.4078E+00  0.4065E+00  0.1070E+02  0.1069E+02
     17.050  0.4600E+00  0.4737E+00  0.1079E+02  0.1078E+02
     17.238  0.6550E-01  0.9529E-01  0.1080E+02  0.1080E+02
     17.425  0.3651E-06  0.4318E-05  0.1080E+02  0.1080E+02
     17.612  0.0000E+00  0.0000E+00  0.1080E+02  0.1080E+02
     17.800  0.0000E+00  0.0000E+00  0.1080E+02  0.1080E+02
     17.987  0.0000E+00  0.0000E+00  0.1080E+02  0.1080E+02
     18.174  0.0000E+00  0.0000E+00  0.1080E+02  0.1080E+02
     18.361  0.0000E+00  0.0000E+00  0.1080E+02  0.1080E+02
     18.549  0.0000E+00  0.0000E+00  0.1080E+02  0.1080E+02
     18.736  0.0000E+00  0.0000E+00  0.1080E+02  0.1080E+02
     18.923  0.0000E+00  0.0000E+00  0.1080E+02  0.1080E+02
     19.111  0.0000E+00  0.0000E+00  0.1080E+02  0.1080E+02
     19.298  0.0000E+00  0.0000E+00  0.1080E+02  0.1080E+02
     19.485  0.0000E+00  0.0000E+00  0.1080E+02  0.1080E+02
     19.673  0.0000E+00  0.0000E+00  0.1080E+02  0.1080E+02
