    -32.752  0.0000E+00  0.0000E+00
    -32.587  0.0000E+00  0.0000E+00
    -32.422  0.0000E+00  0.0000E+00
    -32.257  0.0000E+00  0.0000E+00
    -32.093  0.0000E+00  0.0000E+00
    -31.928  0.0000E+00  0.0000E+00
    -31.763  0.0000E+00  0.0000E+00
    -31.598  0.0000E+00  0.0000E+00
    -31.433  0.0000E+00  0.0000E+00
    -31.268  0.0000E+00  0.0000E+00
    -31.103  0.0000E+00  0.0000E+00
    -30.938  0.0000E+00  0.0000E+00
    -30.774  0.1030E-12  0.1699E-13
    -30.609  0.2535E-01  0.4180E-02
    -30.444  0.9784E+02  0.1614E+02
    -30.279  0.2376E+03  0.5530E+02
    -30.114  0.1455E+03  0.7929E+02
    -29.949  0.2650E+03  0.1230E+03
    -29.784  0.1380E+03  0.1457E+03
    -29.619  0.1973E+03  0.1783E+03
    -29.455  0.8230E+02  0.1918E+03
    -29.290  0.1004E+01  0.1920E+03
    -29.125  0.2060E-07  0.1920E+03
    -28.960  0.0000E+00  0.1920E+03
    -28.795  0.0000E+00  0.1920E+03
    -28.630  0.0000E+00  0.1920E+03
    -28.465  0.0000E+00  0.1920E+03
    -28.300  0.0000E+00  0.1920E+03
    -28.136  0.0000E+00  0.1920E+03
    -27.971  0.0000E+00  0.1920E+03
    -27.806  0.0000E+00  0.1920E+03
    -27.641  0.0000E+00  0.1920E+03
    -27.476  0.0000E+00  0.1920E+03
    -27.311  0.0000E+00  0.1920E+03
    -27.146  0.0000E+00  0.1920E+03
    -26.981  0.0000E+00  0.1920E+03
    -26.817  0.0000E+00  0.1920E+03
    -26.652  0.0000E+00  0.1920E+03
    -26.487  0.0000E+00  0.1920E+03
    -26.322  0.0000E+00  0.1920E+03
    -26.157  0.0000E+00  0.1920E+03
    -25.992  0.0000E+00  0.1920E+03
    -25.827  0.0000E+00  0.1920E+03
    -25.662  0.0000E+00  0.1920E+03
    -25.498  0.0000E+00  0.1920E+03
    -25.333  0.0000E+00  0.1920E+03
    -25.168  0.0000E+00  0.1920E+03
    -25.003  0.0000E+00  0.1920E+03
    -24.838  0.0000E+00  0.1920E+03
    -24.673  0.0000E+00  0.1920E+03
    -24.508  0.0000E+00  0.1920E+03
    -24.343  0.0000E+00  0.1920E+03
    -24.179  0.0000E+00  0.1920E+03
    -24.014  0.0000E+00  0.1920E+03
    -23.849  0.0000E+00  0.1920E+03
    -23.684  0.0000E+00  0.1920E+03
    -23.519  0.0000E+00  0.1920E+03
    -23.354  0.0000E+00  0.1920E+03
    -23.189  0.2420E-05  0.1920E+03
    -23.025  0.3210E+01  0.1925E+03
    -22.860  0.5540E+02  0.2017E+03
    -22.695  0.9012E+02  0.2165E+03
    -22.530  0.4469E+02  0.2239E+03
    -22.365  0.2109E+02  0.2274E+03
    -22.200  0.7941E+02  0.2405E+03
    -22.035  0.1308E+03  0.2620E+03
    -21.870  0.2471E+03  0.3028E+03
    -21.706  0.2589E+03  0.3455E+03
    -21.541  0.2430E+03  0.3855E+03
    -21.376  0.2510E+03  0.4269E+03
    -21.211  0.2613E+03  0.4700E+03
    -21.046  0.3136E+03  0.5217E+03
    -20.881  0.2546E+03  0.5637E+03
    -20.716  0.7103E+02  0.5754E+03
    -20.551  0.3767E+01  0.5760E+03
    -20.387  0.1048E-03  0.5760E+03
    -20.222  0.0000E+00  0.5760E+03
    -20.057  0.0000E+00  0.5760E+03
    -19.892  0.0000E+00  0.5760E+03
    -19.727  0.0000E+00  0.5760E+03
    -19.562  0.0000E+00  0.5760E+03
    -19.397  0.0000E+00  0.5760E+03
    -19.232  0.0000E+00  0.5760E+03
    -19.068  0.0000E+00  0.5760E+03
    -18.903  0.0000E+00  0.5760E+03
    -18.738  0.0000E+00  0.5760E+03
    -18.573  0.0000E+00  0.5760E+03
    -18.408  0.0000E+00  0.5760E+03
    -18.243  0.0000E+00  0.5760E+03
    -18.078  0.0000E+00  0.5760E+03
    -17.913  0.0000E+00  0.5760E+03
    -17.749  0.0000E+00  0.5760E+03
    -17.584  0.0000E+00  0.5760E+03
    -17.419  0.0000E+00  0.5760E+03
    -17.254  0.0000E+00  0.5760E+03
    -17.089  0.0000E+00  0.5760E+03
    -16.924  0.0000E+00  0.5760E+03
    -16.759  0.0000E+00  0.5760E+03
    -16.594  0.0000E+00  0.5760E+03
    -16.430  0.0000E+00  0.5760E+03
    -16.265  0.0000E+00  0.5760E+03
    -16.100  0.0000E+00  0.5760E+03
    -15.935  0.0000E+00  0.5760E+03
    -15.770  0.0000E+00  0.5760E+03
    -15.605  0.0000E+00  0.5760E+03
    -15.440  0.0000E+00  0.5760E+03
    -15.275  0.0000E+00  0.5760E+03
    -15.111  0.0000E+00  0.5760E+03
    -14.946  0.0000E+00  0.5760E+03
    -14.781  0.0000E+00  0.5760E+03
    -14.616  0.0000E+00  0.5760E+03
    -14.451  0.0000E+00  0.5760E+03
    -14.286  0.0000E+00  0.5760E+03
    -14.121  0.0000E+00  0.5760E+03
    -13.956  0.0000E+00  0.5760E+03
    -13.792  0.0000E+00  0.5760E+03
    -13.627  0.0000E+00  0.5760E+03
    -13.462  0.0000E+00  0.5760E+03
    -13.297  0.0000E+00  0.5760E+03
    -13.132  0.0000E+00  0.5760E+03
    -12.967  0.0000E+00  0.5760E+03
    -12.802  0.0000E+00  0.5760E+03
    -12.637  0.0000E+00  0.5760E+03
    -12.473  0.0000E+00  0.5760E+03
    -12.308  0.0000E+00  0.5760E+03
    -12.143  0.0000E+00  0.5760E+03
    -11.978  0.0000E+00  0.5760E+03
    -11.813  0.3502E-03  0.5760E+03
    -11.648  0.1840E+02  0.5790E+03
    -11.483  0.3206E+03  0.6319E+03
    -11.318  0.3171E+03  0.6842E+03
    -11.154  0.9593E+02  0.7000E+03
    -10.989  0.9894E+00  0.7002E+03
    -10.824  0.5143E+01  0.7010E+03
    -10.659  0.2208E+02  0.7047E+03
    -10.494  0.1824E+02  0.7077E+03
    -10.329  0.8138E+01  0.7090E+03
    -10.164  0.5578E+01  0.7099E+03
     -9.999  0.6974E+02  0.7214E+03
     -9.835  0.9600E+01  0.7230E+03
     -9.670  0.6751E+01  0.7241E+03
     -9.505  0.2313E+02  0.7279E+03
     -9.340  0.1864E+02  0.7310E+03
     -9.175  0.4973E+01  0.7318E+03
     -9.010  0.1097E+01  0.7320E+03
     -8.845  0.1875E+02  0.7351E+03
     -8.680  0.3582E+03  0.7942E+03
     -8.516  0.5976E+03  0.8927E+03
     -8.351  0.1535E+03  0.9180E+03
     -8.186  0.2729E-01  0.9180E+03
     -8.021  0.0000E+00  0.9180E+03
     -7.856  0.0000E+00  0.9180E+03
     -7.691  0.0000E+00  0.9180E+03
     -7.526  0.0000E+00  0.9180E+03
     -7.361  0.0000E+00  0.9180E+03
     -7.197  0.0000E+00  0.9180E+03
     -7.032  0.0000E+00  0.9180E+03
     -6.867  0.0000E+00  0.9180E+03
     -6.702  0.0000E+00  0.9180E+03
     -6.537  0.0000E+00  0.9180E+03
     -6.372  0.0000E+00  0.9180E+03
     -6.207  0.0000E+00  0.9180E+03
     -6.043  0.0000E+00  0.9180E+03
     -5.878  0.0000E+00  0.9180E+03
     -5.713  0.0000E+00  0.9180E+03
     -5.548  0.0000E+00  0.9180E+03
     -5.383  0.0000E+00  0.9180E+03
     -5.218  0.0000E+00  0.9180E+03
     -5.053  0.0000E+00  0.9180E+03
     -4.888  0.0000E+00  0.9180E+03
     -4.724  0.0000E+00  0.9180E+03
     -4.559  0.0000E+00  0.9180E+03
     -4.394  0.0000E+00  0.9180E+03
     -4.229  0.0000E+00  0.9180E+03
     -4.064  0.0000E+00  0.9180E+03
     -3.899  0.0000E+00  0.9180E+03
     -3.734  0.0000E+00  0.9180E+03
     -3.569  0.0000E+00  0.9180E+03
     -3.405  0.0000E+00  0.9180E+03
     -3.240  0.0000E+00  0.9180E+03
     -3.075  0.0000E+00  0.9180E+03
     -2.910  0.0000E+00  0.9180E+03
     -2.745  0.0000E+00  0.9180E+03
     -2.580  0.0000E+00  0.9180E+03
     -2.415  0.0000E+00  0.9180E+03
     -2.250  0.0000E+00  0.9180E+03
     -2.086  0.0000E+00  0.9180E+03
     -1.921  0.0000E+00  0.9180E+03
     -1.756  0.0000E+00  0.9180E+03
     -1.591  0.1683E-15  0.9180E+03
     -1.426  0.4064E-03  0.9180E+03
     -1.261  0.2927E+01  0.9185E+03
     -1.096  0.3137E+01  0.9190E+03
     -0.931  0.8371E+01  0.9204E+03
     -0.767  0.1474E+02  0.9228E+03
     -0.602  0.1074E+02  0.9246E+03
     -0.437  0.1166E+02  0.9265E+03
     -0.272  0.2974E+01  0.9270E+03
     -0.107  0.4099E+01  0.9277E+03
      0.058  0.1896E+02  0.9308E+03
      0.223  0.3803E+02  0.9371E+03
      0.388  0.1164E+02  0.9390E+03
      0.552  0.1295E+02  0.9411E+03
      0.717  0.5415E+02  0.9500E+03
      0.882  0.5968E+02  0.9599E+03
      1.047  0.9262E+02  0.9752E+03
      1.212  0.3317E+02  0.9806E+03
      1.377  0.1354E+02  0.9829E+03
      1.542  0.3952E+02  0.9894E+03
      1.707  0.1828E+02  0.9924E+03
      1.871  0.4384E+02  0.9996E+03
      2.036  0.2630E+02  0.1004E+04
      2.201  0.5267E+01  0.1005E+04
      2.366  0.2305E+02  0.1009E+04
      2.531  0.5312E+02  0.1017E+04
      2.696  0.8884E+02  0.1032E+04
      2.861  0.6034E+02  0.1042E+04
      3.026  0.5123E+02  0.1050E+04
      3.190  0.5516E+01  0.1051E+04
      3.355  0.8960E+01  0.1053E+04
      3.520  0.1687E+02  0.1056E+04
      3.685  0.4420E+02  0.1063E+04
      3.850  0.7451E+01  0.1064E+04
      4.015  0.2775E+02  0.1069E+04
      4.180  0.2668E+02  0.1073E+04
      4.345  0.1163E+02  0.1075E+04
      4.509  0.4475E+01  0.1076E+04
      4.674  0.1603E+01  0.1076E+04
      4.839  0.1220E-05  0.1076E+04
      5.004  0.0000E+00  0.1076E+04
      5.169  0.0000E+00  0.1076E+04
      5.334  0.6194E-05  0.1076E+04
      5.499  0.1147E+01  0.1076E+04
      5.664  0.4362E+01  0.1077E+04
      5.828  0.5606E+00  0.1077E+04
      5.993  0.1196E+02  0.1079E+04
      6.158  0.1945E+02  0.1082E+04
      6.323  0.4791E+02  0.1090E+04
      6.488  0.7038E+02  0.1102E+04
      6.653  0.7274E+02  0.1114E+04
      6.818  0.4922E+02  0.1122E+04
      6.983  0.4597E+02  0.1129E+04
      7.147  0.3008E+02  0.1134E+04
      7.312  0.3208E+02  0.1140E+04
      7.477  0.4242E+02  0.1147E+04
      7.642  0.3190E+02  0.1152E+04
      7.807  0.3168E+02  0.1157E+04
      7.972  0.3267E+02  0.1162E+04
      8.137  0.4381E+02  0.1170E+04
      8.302  0.6988E+02  0.1181E+04
      8.466  0.6345E+02  0.1192E+04
      8.631  0.5221E+02  0.1200E+04
      8.796  0.8258E+02  0.1214E+04
      8.961  0.7264E+02  0.1226E+04
      9.126  0.7036E+02  0.1237E+04
      9.291  0.8672E+02  0.1252E+04
      9.456  0.6254E+02  0.1262E+04
      9.621  0.5392E+02  0.1271E+04
      9.785  0.7825E+02  0.1284E+04
      9.950  0.1073E+03  0.1302E+04
     10.115  0.1036E+03  0.1319E+04
     10.280  0.1069E+03  0.1336E+04
     10.445  0.1228E+03  0.1357E+04
     10.610  0.1276E+03  0.1378E+04
     10.775  0.1212E+03  0.1398E+04
     10.939  0.1256E+03  0.1418E+04
     11.104  0.1054E+03  0.1436E+04
     11.269  0.9335E+02  0.1451E+04
     11.434  0.7944E+02  0.1464E+04
     11.599  0.9133E+02  0.1479E+04
     11.764  0.1021E+03  0.1496E+04
     11.929  0.1028E+03  0.1513E+04
     12.094  0.9580E+02  0.1529E+04
     12.258  0.9074E+02  0.1544E+04
     12.423  0.7621E+02  0.1556E+04
     12.588  0.6842E+02  0.1568E+04
     12.753  0.7353E+02  0.1580E+04
     12.918  0.7264E+02  0.1592E+04
     13.083  0.8621E+02  0.1606E+04
     13.248  0.9031E+02  0.1621E+04
     13.413  0.9883E+02  0.1637E+04
     13.577  0.9335E+02  0.1652E+04
     13.742  0.9530E+02  0.1668E+04
     13.907  0.8925E+02  0.1683E+04
     14.072  0.9442E+02  0.1698E+04
     14.237  0.9882E+02  0.1715E+04
     14.402  0.6985E+02  0.1726E+04
     14.567  0.1075E+02  0.1728E+04
     14.732  0.1802E-02  0.1728E+04
     14.896  0.0000E+00  0.1728E+04
     15.061  0.0000E+00  0.1728E+04
     15.226  0.0000E+00  0.1728E+04
     15.391  0.0000E+00  0.1728E+04
     15.556  0.0000E+00  0.1728E+04
     15.721  0.0000E+00  0.1728E+04
     15.886  0.0000E+00  0.1728E+04
     16.051  0.0000E+00  0.1728E+04
     16.215  0.0000E+00  0.1728E+04
     16.380  0.0000E+00  0.1728E+04
     16.545  0.0000E+00  0.1728E+04
     16.710  0.0000E+00  0.1728E+04
